#######################################################################################
#         Variational solution of the Schrodinger equation for Hydrogen atom          #
#######################################################################################
#                        Kayode Olumoyin                                              #
#                                                                                     #
#                                                                                     #
#######################################################################################

 The number of STO-nG files detected = 8

 The files are: 
File Name: H_STO-12G.txt
File Name: H_STO-20G.txt
File Name: H_STO-23G.txt
File Name: H_STO-2G.txt
File Name: H_STO-3G.txt
File Name: H_STO-4G.txt
File Name: H_STO-5G.txt
File Name: H_STO-6G.txt

#####################################################################################
 Exact 
 normalization integral = 1
 Kinetic Energy, exact = 0.5
 Potential Energy, exact = -1
 Virial Ratio, exact = 2.0
 Total Energy, exact = -0.5

#####################################################################################
 STO-1G 
 alpha, STO_1G = 0.2829421997070306
 Emin, STO_1G = -0.42441318157837954
 normalization integral = 1
 Kinetic Energy, STO_1G = 0.4244132995605459
 Potential Energy, STO_1G = -0.8488264811389254
 Total Energy, STO_1G = -0.42441318157837954
 Virial Ratio, STO_1G = 1.999999722011147

#####################################################################################
 STO_12G 

 Matrix, S = 
 [[1.         0.59138721 0.2282409  0.08988639 0.039012   0.01852472
  0.00942715 0.00503667 0.0027756  0.00155555 0.00087745 0.00049491]
 [0.59138721 1.         0.67576719 0.31592053 0.14394727 0.06939772
  0.03550462 0.01900839 0.01048418 0.00587799 0.00331621 0.0018706 ]
 [0.2282409  0.67576719 1.         0.74455829 0.40470947 0.20735775
  0.10845725 0.05857241 0.03242461 0.01820859 0.01028053 0.00580103]
 [0.08988639 0.31592053 0.74455829 1.         0.79739588 0.48547917
  0.27229538 0.15133065 0.08481189 0.04789098 0.02710792 0.01531444]
 [0.039012   0.14394727 0.40470947 0.79739588 1.         0.83593347
  0.5521142  0.33077622 0.19177561 0.10998585 0.06270753 0.03554664]
 [0.01852472 0.06939772 0.20735775 0.48547917 0.83593347 1.
  0.86269979 0.6022642  0.37725873 0.22461373 0.13037207 0.07453379]
 [0.00942715 0.03550462 0.10845725 0.27229538 0.5521142  0.86269979
  1.         0.88029056 0.63653071 0.40960039 0.24727749 0.14411202]
 [0.00503667 0.01900839 0.05857241 0.15133065 0.33077622 0.6022642
  0.88029056 1.         0.89097692 0.65720395 0.42857893 0.25996426]
 [0.0027756  0.01048418 0.03242461 0.08481189 0.19177561 0.37725873
  0.63653071 0.89097692 1.         0.89662239 0.66730307 0.43688123]
 [0.00155555 0.00587799 0.01820859 0.04789098 0.10998585 0.22461373
  0.40960039 0.65720395 0.89662239 1.         0.89876313 0.67008331]
 [0.00087745 0.00331621 0.01028053 0.02710792 0.06270753 0.13037207
  0.24727749 0.42857893 0.66730307 0.89876313 1.         0.89874289]
 [0.00049491 0.0018706  0.00580103 0.01531444 0.03554664 0.07453379
  0.14411202 0.25996426 0.43688123 0.67008331 0.89874289 1.        ]]

 Matrix, T = 
 [[8072.67024    1386.15310005  133.32432521   14.75861487    2.09038717
     0.36695056    0.07581546    0.01755562    0.00437046    0.00113171
     0.00029752    0.0000782 ]
 [1386.15310005 1370.9831085   335.42046035   49.41508944    7.59002007
     1.36648312    0.28484339    0.06618503    0.01650056    0.00427547
     0.00112432    0.00029556]
 [ 133.32432521  335.42046035  303.0330495    96.96684829   19.98504285
     3.98221755    0.86124067    0.20303377    0.05092855    0.01323201
     0.00348395    0.0009164 ]
 [  14.75861487   49.41508944   96.96684829   82.939401     32.37612752
     8.60024822    2.08959828    0.51672574    0.13230212    0.03469154
     0.00917295    0.00241758]
 [   2.09038717    7.59002007   19.98504285   32.37612752   26.8808055
    12.11119135    3.86412562    1.08296164    0.29340571    0.07895315
     0.02112948    0.00560037]
 [   0.36695056    1.36648312    3.98221755    8.60024822   12.11119135
     9.916515      4.93811183    1.78577226    0.55038949    0.15763779
     0.04346323    0.01168422]
 [   0.07581546    0.28484339    0.86124067    2.08959828    3.86412562
     4.93811183    4.0231275     2.14121414    0.83831251    0.2732978
     0.08045586    0.02233299]
 [   0.01755562    0.06618503    0.20303377    0.51672574    1.08296164
     1.78577226    2.14121414    1.743156      0.96650475    0.39559917
     0.13244055    0.03929666]
 [   0.00437046    0.01650056    0.05092855    0.13230212    0.29340571
     0.55038949    0.83831251    0.96650475    0.7873785     0.44619844
     0.18617947    0.06273773]
 [   0.00113171    0.00427547    0.01323201    0.03469154    0.07895315
     0.15763779    0.2732978     0.39559917    0.44619844    0.3637815
     0.20787257    0.08698941]
 [   0.00029752    0.00112432    0.00348395    0.00917295    0.02112948
     0.04346323    0.08045586    0.13244055    0.18617947    0.20787257
     0.169539      0.0968706 ]
 [   0.0000782     0.00029556    0.0009164     0.00241758    0.00560037
     0.01168422    0.02233299    0.03929666    0.06273773    0.08698941
     0.0968706     0.0790065 ]]

 Matrix, V = 
 [[-117.06660771  -52.9482211   -19.24480637   -7.47879403   -3.23473043
    -1.53439178   -0.78056053   -0.41697358   -0.22977111   -0.12876891
    -0.07263454   -0.04096783]
 [ -52.9482211   -48.24368572  -25.47336702  -11.0983371    -4.9584429
    -2.37594124   -1.21296056   -0.64885365   -0.35775417   -0.2005449
    -0.11313446   -0.06381437]
 [ -19.24480637  -25.47336702  -22.68137744  -13.47678451   -6.77256333
    -3.37961224   -1.75096284   -0.94209143   -0.52070604   -0.29220749
    -0.1649268    -0.09304988]
 [  -7.47879403  -11.0983371   -13.47678451  -11.8660145    -7.69882676
    -4.31007493   -2.33946085   -1.28301969   -0.71498737   -0.40271143
    -0.22768245   -0.12855762]
 [  -3.23473043   -4.9584429    -6.77256333   -7.69882676   -6.75531441
    -4.67185378   -2.82777744   -1.63045413   -0.92937961   -0.52891558
    -0.30047998   -0.17004599]
 [  -1.53439178   -2.37594124   -3.37961224   -4.31007493   -4.67185378
    -4.10302312   -2.96752878   -1.89469637   -1.13715486   -0.66351164
    -0.38146496   -0.21710278]
 [  -0.78056053   -1.21296056   -1.75096284   -2.33946085   -2.82777744
    -2.96752878   -2.61340264   -1.94752693   -1.2862464    -0.79040395
    -0.46648659   -0.2689147 ]
 [  -0.41697358   -0.64885365   -0.94209143   -1.28301969   -1.63045413
    -1.89469637   -1.94752693   -1.72025392   -1.30581609   -0.87889181
    -0.54608859   -0.32330813]
 [  -0.22977111   -0.35775417   -0.52070604   -0.71498737   -0.92937961
    -1.13715486   -1.2862464    -1.30581609   -1.15615538   -0.88631246
    -0.60140883   -0.37465219]
 [  -0.12876891   -0.2005449    -0.29220749   -0.40271143   -0.52891558
    -0.66351164   -0.79040395   -0.87889181   -0.88631246   -0.78585918
    -0.60471232   -0.41080541]
 [  -0.07263454   -0.11313446   -0.1649268    -0.22768245   -0.30047998
    -0.38146496   -0.46648659   -0.54608859   -0.60140883   -0.60471232
    -0.53648704   -0.41280776]
 [  -0.04096783   -0.06381437   -0.09304988   -0.12855762   -0.17004599
    -0.21710278   -0.2689147    -0.32330813   -0.37465219   -0.41080541
    -0.41280776   -0.36623162]]

 Matrix, H = 
 [[7955.60363229 1333.20487896  114.07951885    7.27982083   -1.14434326
    -1.16744122   -0.70474507   -0.39941797   -0.22540065   -0.1276372
    -0.07233703   -0.04088963]
 [1333.20487896 1322.73942278  309.94709333   38.31675234    2.63157717
    -1.00945812   -0.92811717   -0.58266862   -0.34125361   -0.19626943
    -0.11201014   -0.06351881]
 [ 114.07951885  309.94709333  280.35167206   83.49006378   13.21247952
     0.60260531   -0.88972217   -0.73905766   -0.46977749   -0.27897547
    -0.16144285   -0.09213348]
 [   7.27982083   38.31675234   83.49006378   71.0733865    24.67730076
     4.29017329   -0.24986258   -0.76629396   -0.58268525   -0.36801989
    -0.2185095    -0.12614004]
 [  -1.14434326    2.63157717   13.21247952   24.67730076   20.12549109
     7.43933757    1.03634817   -0.54749248   -0.63597391   -0.44996243
    -0.2793505    -0.16444562]
 [  -1.16744122   -1.00945812    0.60260531    4.29017329    7.43933757
     5.81349188    1.97058305   -0.10892411   -0.58676537   -0.50587385
    -0.33800173   -0.20541856]
 [  -0.70474507   -0.92811717   -0.88972217   -0.24986258    1.03634817
     1.97058305    1.40972486    0.19368721   -0.4479339    -0.51710615
    -0.38603073   -0.24658171]
 [  -0.39941797   -0.58266862   -0.73905766   -0.76629396   -0.54749248
    -0.10892411    0.19368721    0.02290208   -0.33931134   -0.48329264
    -0.41364805   -0.28401147]
 [  -0.22540065   -0.34125361   -0.46977749   -0.58268525   -0.63597391
    -0.58676537   -0.4479339    -0.33931134   -0.36877688   -0.44011402
    -0.41522936   -0.31191446]
 [  -0.1276372    -0.19626943   -0.27897547   -0.36801989   -0.44996243
    -0.50587385   -0.51710615   -0.48329264   -0.44011402   -0.42207768
    -0.39683975   -0.323816  ]
 [  -0.07233703   -0.11201014   -0.16144285   -0.2185095    -0.2793505
    -0.33800173   -0.38603073   -0.41364805   -0.41522936   -0.39683975
    -0.36694804   -0.31593715]
 [  -0.04088963   -0.06351881   -0.09213348   -0.12614004   -0.16444562
    -0.20541856   -0.24658171   -0.28401147   -0.31191446   -0.323816
    -0.31593715   -0.28722512]]

 Matrix, H_prime = 
 [[10341.15460982 -2782.0589284    665.3738069   -385.0265061
    202.33959801  -124.45201854    73.97153588   -44.97554235
     25.57764514   -13.48381831     5.66336391    -1.44222277]
 [-2782.0589284   2760.10679297  -824.39613694   272.21147267
   -165.34211251    94.4012863    -58.53517774    34.63981259
    -20.11063747    10.42579733    -4.45615107     1.10382587]
 [  665.3738069   -824.39613694   736.73436409  -258.89768981
     95.67123839   -61.80425635    35.88028666   -22.1414449
     12.50721422    -6.64350318     2.77404063    -0.71381278]
 [ -385.0265061    272.21147267  -258.89768981   238.50185814
    -94.40577611    37.24230637   -24.70143337    14.13732013
     -8.42613821     4.30344451    -1.87362319     0.45205059]
 [  202.33959801  -165.34211251    95.67123839   -94.40577611
     88.47241523   -38.29355685    15.31262759   -10.20659001
      5.53619579    -3.0474003      1.23862844    -0.33367265]
 [ -124.45201854    94.4012863    -61.80425635    37.24230637
    -38.29355685    36.01639392   -16.54222069     6.40036435
     -4.18458934     2.01752797    -0.9286275      0.20705911]
 [   73.97153588   -58.53517774    35.88028666   -24.70143337
     15.31262759   -16.54222069    15.2863859     -7.28411655
      2.54850797    -1.58437068     0.58091451    -0.17865393]
 [  -44.97554235    34.63981259   -22.1414449     14.13732013
    -10.20659001     6.40036435    -7.28411655     6.45939259
     -3.13943976     0.87308838    -0.4902001      0.0787303 ]
 [   25.57764514   -20.11063747    12.50721422    -8.42613821
      5.53619579    -4.18458934     2.54850797    -3.13943976
      2.56250073    -1.26124007     0.18891022    -0.10078091]
 [  -13.48381831    10.42579733    -6.64350318     4.30344451
     -3.0474003      2.01752797    -1.58437068     0.87308838
     -1.26124007     0.84871818    -0.4382741     -0.0226013 ]
 [    5.66336391    -4.45615107     2.77404063    -1.87362319
      1.23862844    -0.9286275      0.58091451    -0.4902001
      0.18891022    -0.4382741      0.12984399    -0.12323583]
 [   -1.44222277     1.10382587    -0.71381278     0.45205059
     -0.33367265     0.20705911    -0.17865393     0.0787303
     -0.10078091    -0.0226013     -0.12323583    -0.132266  ]]

 Matrix, C_prime = 
 [[-0.94369414  0.32728525 -0.0401878   0.0257382  -0.0049424   0.00445502
  -0.00136242  0.00115765 -0.00053471 -0.00051498  0.00039009  0.00023011]
 [ 0.31558223  0.85414479 -0.40547111  0.06538547 -0.0439219   0.01104148
  -0.00913494  0.00356535 -0.00274848 -0.00214057  0.00144955  0.00100121]
 [-0.08499142 -0.38068207 -0.77738291  0.47688391 -0.10335406  0.06712172
  -0.02225864  0.01656613 -0.00792486 -0.00731174  0.00554167  0.00330446]
 [ 0.042653    0.11340816  0.44696731  0.68339924 -0.53305873  0.1492681
  -0.09516364  0.03894844 -0.02729473 -0.02100218  0.01467537  0.00989384]
 [-0.02271966 -0.06113985 -0.14402376 -0.50844708 -0.57829953  0.56487494
  -0.19652604  0.12591955 -0.06020999 -0.05180832  0.04012465  0.02393463]
 [ 0.0137035   0.03388355  0.07879773  0.17322961  0.56254753  0.47105491
  -0.56720933  0.23765593 -0.15464438 -0.11131558  0.08170174  0.05390831]
 [-0.00820044 -0.02088433 -0.04369917 -0.09239309 -0.19812122 -0.61102687
  -0.36729803  0.53706117 -0.26399369 -0.20939968  0.17144773  0.10083095]
 [ 0.00495589  0.01229019  0.02671541  0.04943549  0.09928839  0.21722704
   0.65897688  0.2662598  -0.46844742 -0.3420451   0.26092447  0.17308035]
 [-0.00282968 -0.00714688 -0.0149572  -0.02908047 -0.0489988  -0.097631
  -0.23013152 -0.71275567 -0.16321549 -0.47322161  0.35098992  0.22844202]
 [ 0.00148658  0.00369696  0.00796787  0.01460606  0.02638425  0.04098732
   0.08503615  0.23500013  0.7779563  -0.53196994  0.0589634   0.20782277]
 [-0.00062658 -0.00158351 -0.00331009 -0.00639797 -0.01036443 -0.01814151
  -0.02478197 -0.05712185 -0.22460143 -0.46604087 -0.85269633 -0.03001173]
 [ 0.00015867  0.0003908   0.00085721  0.00151203  0.00283922  0.00363547
   0.00707358  0.00456721  0.01440402 -0.31536877  0.20057162 -0.92736763]]

 Matrix, energy = 
 [[11356.49435667     0.             0.             0.
      0.             0.             0.             0.
      0.             0.             0.             0.        ]
 [    0.          2115.39477327     0.             0.
      0.             0.             0.             0.
      0.             0.             0.             0.        ]
 [    0.             0.           517.08472069     0.
      0.             0.             0.             0.
      0.             0.             0.             0.        ]
 [    0.             0.             0.           153.89267242
      0.             0.             0.             0.
      0.             0.             0.             0.        ]
 [    0.             0.             0.             0.
     52.60284865     0.             0.             0.
      0.             0.             0.             0.        ]
 [    0.             0.             0.             0.
      0.            19.61578992     0.             0.
      0.             0.             0.             0.        ]
 [    0.             0.             0.             0.
      0.             0.             7.60163563     0.
      0.             0.             0.             0.        ]
 [    0.             0.             0.             0.
      0.             0.             0.             2.89263085
      0.             0.             0.             0.        ]
 [    0.             0.             0.             0.
      0.             0.             0.             0.
      0.97528067     0.             0.             0.        ]
 [    0.             0.             0.             0.
      0.             0.             0.             0.
      0.            -0.49999988     0.             0.        ]
 [    0.             0.             0.             0.
      0.             0.             0.             0.
      0.             0.             0.19447113     0.        ]
 [    0.             0.             0.             0.
      0.             0.             0.             0.
      0.             0.             0.            -0.10817048]]

 Matrix, C = 
 [[-1.31293693 -0.09782524 -0.01682395 -0.00339299 -0.00112331 -0.00027158
  -0.00014642 -0.00002544 -0.00002739 -0.00001013  0.00000122  0.00000588]
 [ 1.06866038  1.59923933  0.1783539   0.04006857  0.00961959  0.00372676
   0.00096458  0.00056725  0.00008671 -0.00007169  0.0001077   0.0000178 ]
 [-0.66334691 -1.64586477 -2.00065385 -0.29777463 -0.08291187 -0.02201377
  -0.00976318 -0.00243841 -0.00163601 -0.00040903 -0.00013657  0.00028243]
 [ 0.469884    1.2322381   2.5181627   2.59093999  0.48187206  0.1577719
   0.04434821  0.02152673  0.00486778 -0.00177515  0.00362979  0.00021253]
 [-0.37607931 -0.97195782 -2.17385601 -3.7864096  -3.39691612 -0.74442259
  -0.27445037 -0.07802772 -0.04017543 -0.00630391 -0.00717184  0.00559349]
 [ 0.31934258  0.81460603  1.81115362  3.5791415   5.45184983  4.3662995
   1.06435584  0.4265086   0.11548056 -0.0191665   0.0613385  -0.00268955]
 [-0.27118473 -0.68676952 -1.50516101 -3.00023742 -5.3676493  -7.31986349
  -5.31006904 -1.35378743 -0.57394186 -0.05121492 -0.13195611  0.06404321]
 [ 0.21903191  0.55260657  1.19926259  2.36099724  4.34024891  7.18335742
   8.94744617  5.88077095  1.45791024 -0.12131716  0.63513811 -0.06286167]
 [-0.16067245 -0.40457169 -0.87295604 -1.6993259  -3.10103673 -5.38271058
  -8.40998005 -9.69719142 -5.63987128 -0.24200852 -1.22152028  0.4645952 ]
 [ 0.10096017  0.25395287  0.54619362  1.05538804  1.90458847  3.30574145
   5.53614934  8.31956404  8.89156957 -0.35924272  4.24491776 -0.49048078]
 [-0.04853523 -0.12201725 -0.26196469 -0.5039563  -0.90191518 -1.55039322
  -2.61906683 -4.32559914 -6.35989594 -0.28314947 -6.13935899  1.73191823]
 [ 0.01317517  0.03311272  0.07102321  0.13629192  0.24265234  0.41361954
   0.69377492  1.16833133  1.95638557 -0.06030267  2.86645063 -2.10895409]]

 Array of coefficients, Cmin = [-0.00001013 -0.00007169 -0.00040903 -0.00177515 -0.00630391 -0.0191665
 -0.05121492 -0.12131716 -0.24200852 -0.35924272 -0.28314947 -0.06030267]
 normalization integral = 0.9999999999999953
 Kinetic Energy, STO_12G = 0.49999966364676673
 Potential Energy, STO_12G = -0.9999995477758207
 Virial Ratio, STO_12G = 2.000000440964871
 Total Energy, STO_12G = -0.49999988412905416

#####################################################################################
 STO_20G 

 Matrix, S = 
 [[1.         0.92023594 0.72913284 0.51693897 0.34130305 0.21621162
  0.13390105 0.08193685 0.04982678 0.03020285 0.01827744 0.01105134
  0.00667924 0.00403592 0.00243843 0.00147317 0.00088998 0.00053765
  0.0003248  0.00019622]
 [0.92023594 1.         0.92023594 0.72913284 0.51693897 0.34130305
  0.21621162 0.13390105 0.08193685 0.04982678 0.03020285 0.01827744
  0.01105134 0.00667924 0.00403592 0.00243843 0.00147317 0.00088998
  0.00053765 0.0003248 ]
 [0.72913284 0.92023594 1.         0.92023594 0.72913284 0.51693897
  0.34130305 0.21621162 0.13390105 0.08193685 0.04982678 0.03020285
  0.01827744 0.01105134 0.00667924 0.00403592 0.00243843 0.00147317
  0.00088998 0.00053765]
 [0.51693897 0.72913284 0.92023594 1.         0.92023594 0.72913284
  0.51693897 0.34130305 0.21621162 0.13390105 0.08193685 0.04982678
  0.03020285 0.01827744 0.01105134 0.00667924 0.00403592 0.00243843
  0.00147317 0.00088998]
 [0.34130305 0.51693897 0.72913284 0.92023594 1.         0.92023594
  0.72913284 0.51693897 0.34130305 0.21621162 0.13390105 0.08193685
  0.04982678 0.03020285 0.01827744 0.01105134 0.00667924 0.00403592
  0.00243843 0.00147317]
 [0.21621162 0.34130305 0.51693897 0.72913284 0.92023594 1.
  0.92023594 0.72913284 0.51693897 0.34130305 0.21621162 0.13390105
  0.08193685 0.04982678 0.03020285 0.01827744 0.01105134 0.00667924
  0.00403592 0.00243843]
 [0.13390105 0.21621162 0.34130305 0.51693897 0.72913284 0.92023594
  1.         0.92023594 0.72913284 0.51693897 0.34130305 0.21621162
  0.13390105 0.08193685 0.04982678 0.03020285 0.01827744 0.01105134
  0.00667924 0.00403592]
 [0.08193685 0.13390105 0.21621162 0.34130305 0.51693897 0.72913284
  0.92023594 1.         0.92023594 0.72913284 0.51693897 0.34130305
  0.21621162 0.13390105 0.08193685 0.04982678 0.03020285 0.01827744
  0.01105134 0.00667924]
 [0.04982678 0.08193685 0.13390105 0.21621162 0.34130305 0.51693897
  0.72913284 0.92023594 1.         0.92023594 0.72913284 0.51693897
  0.34130305 0.21621162 0.13390105 0.08193685 0.04982678 0.03020285
  0.01827744 0.01105134]
 [0.03020285 0.04982678 0.08193685 0.13390105 0.21621162 0.34130305
  0.51693897 0.72913284 0.92023594 1.         0.92023594 0.72913284
  0.51693897 0.34130305 0.21621162 0.13390105 0.08193685 0.04982678
  0.03020285 0.01827744]
 [0.01827744 0.03020285 0.04982678 0.08193685 0.13390105 0.21621162
  0.34130305 0.51693897 0.72913284 0.92023594 1.         0.92023594
  0.72913284 0.51693897 0.34130305 0.21621162 0.13390105 0.08193685
  0.04982678 0.03020285]
 [0.01105134 0.01827744 0.03020285 0.04982678 0.08193685 0.13390105
  0.21621162 0.34130305 0.51693897 0.72913284 0.92023594 1.
  0.92023594 0.72913284 0.51693897 0.34130305 0.21621162 0.13390105
  0.08193685 0.04982678]
 [0.00667924 0.01105134 0.01827744 0.03020285 0.04982678 0.08193685
  0.13390105 0.21621162 0.34130305 0.51693897 0.72913284 0.92023594
  1.         0.92023594 0.72913284 0.51693897 0.34130305 0.21621162
  0.13390105 0.08193685]
 [0.00403592 0.00667924 0.01105134 0.01827744 0.03020285 0.04982678
  0.08193685 0.13390105 0.21621162 0.34130305 0.51693897 0.72913284
  0.92023594 1.         0.92023594 0.72913284 0.51693897 0.34130305
  0.21621162 0.13390105]
 [0.00243843 0.00403592 0.00667924 0.01105134 0.01827744 0.03020285
  0.04982678 0.08193685 0.13390105 0.21621162 0.34130305 0.51693897
  0.72913284 0.92023594 1.         0.92023594 0.72913284 0.51693897
  0.34130305 0.21621162]
 [0.00147317 0.00243843 0.00403592 0.00667924 0.01105134 0.01827744
  0.03020285 0.04982678 0.08193685 0.13390105 0.21621162 0.34130305
  0.51693897 0.72913284 0.92023594 1.         0.92023594 0.72913284
  0.51693897 0.34130305]
 [0.00088998 0.00147317 0.00243843 0.00403592 0.00667924 0.01105134
  0.01827744 0.03020285 0.04982678 0.08193685 0.13390105 0.21621162
  0.34130305 0.51693897 0.72913284 0.92023594 1.         0.92023594
  0.72913284 0.51693897]
 [0.00053765 0.00088998 0.00147317 0.00243843 0.00403592 0.00667924
  0.01105134 0.01827744 0.03020285 0.04982678 0.08193685 0.13390105
  0.21621162 0.34130305 0.51693897 0.72913284 0.92023594 1.
  0.92023594 0.72913284]
 [0.0003248  0.00053765 0.00088998 0.00147317 0.00243843 0.00403592
  0.00667924 0.01105134 0.01827744 0.03020285 0.04982678 0.08193685
  0.13390105 0.21621162 0.34130305 0.51693897 0.72913284 0.92023594
  1.         0.92023594]
 [0.00019622 0.0003248  0.00053765 0.00088998 0.00147317 0.00243843
  0.00403592 0.00667924 0.01105134 0.01827744 0.03020285 0.04982678
  0.08193685 0.13390105 0.21621162 0.34130305 0.51693897 0.72913284
  0.92023594 1.        ]]

 Matrix, T = 
 [[20608.62812501 12822.06924884  6216.52414197  2504.25781214
    895.89596503   299.1571575     96.19474775    30.31939491
      9.45736691     2.93419626     0.90784514     0.2804929
      0.08660017     0.02672733     0.00824728     0.00254463
      0.00078508     0.00024221     0.00007473     0.00002305]
 [12822.06924884 10524.54164157  6548.05360755  3174.69298787
   1278.88986424   457.52169108   152.77542699    49.12532859
     15.48369607     4.82974661     1.49845349     0.46362397
      0.14324385     0.04422551     0.01364928     0.00421177
      0.00129951     0.00040093     0.00012369     0.00003816]
 [ 6216.52414197  6548.05360755  5374.73800261  3344.00050532
   1621.27184533   653.11138372   233.65000622    78.02029972
     25.08762656     7.90730965     2.46648486     0.76523949
      0.23676636     0.07315265     0.02258536     0.0069705
      0.00215089     0.00066364     0.00020475     0.00006317]
 [ 2504.25781214  3174.69298787  3344.00050532  2744.80443715
   1707.73485523   827.96113089   333.53495986   119.32182992
     39.84388909    12.81190426     4.03815379     1.25959974
      0.39079724     0.12091331     0.03735805     0.01153403
      0.00355974     0.00109843     0.00033891     0.00010456]
 [  895.89596503  1278.88986424  1621.27184533  1707.73485523
   1401.73370209   872.11659542   422.82830991   170.33169567
     60.93600991    20.34772365     6.54286249     2.06222934
      0.64326018     0.19957475     0.06174875     0.01907824
      0.00589027     0.00181791     0.00056095     0.00017308]
 [  299.1571575    457.52169108   653.11138372   827.96113089
    872.11659542   715.84603442   445.37789557   215.93257581
     86.98604357    31.11917833    10.39130133     3.34134947
      1.05315203     0.32850409     0.10192007     0.03153424
      0.00974299     0.00300808     0.00092838     0.00028647]
 [   96.19474775   152.77542699   233.65000622   333.53495986
    422.82830991   445.37789557   365.57267919   227.44833764
    110.273783      44.4225706     15.89213441     5.30669402
      1.70638101     0.53783019     0.1677625      0.05204917
      0.0161041      0.00497561     0.00153618     0.00047411]
 [   30.31939491    49.12532859    78.02029972   119.32182992
    170.33169567   215.93257581   227.44833764   186.69291628
    116.15472346    56.31529737    22.68599303     8.11589347
      2.71005531     0.87142521     0.27466245     0.08567399
      0.02658079     0.00822414     0.00254098     0.00078451]
 [    9.45736691    15.48369607    25.08762656    39.84388909
     60.93600991    86.98604357   110.273783     116.15472346
     95.34149288    59.31861241    28.75944428    11.5854232
      4.14467466     1.3839878      0.44502481     0.14026632
      0.04375252     0.01357444     0.00419996     0.00129764]
 [    2.93419626     4.82974661     7.90730965    12.81190426
     20.34772365    31.11917833    44.4225706     56.31529737
     59.31861241    48.68958311    30.29319577    14.68705083
      5.91651556     2.11662808     0.70678345     0.22726802
      0.07163207     0.02234381     0.00693228     0.00214486]
 [    0.90784514     1.49845349     2.46648486     4.03815379
      6.54286249    10.39130133    15.89213441    22.68599303
     28.75944428    30.29319577    24.86509737    15.47031653
      7.50047394     3.02148275     1.08093272     0.36094454
      0.11606264     0.03658151     0.01141067     0.00354022]
 [    0.2804929      0.46362397     0.76523949     1.25959974
      2.06222934     3.34134947     5.30669402     8.11589347
     11.5854232     14.68705083    15.47031653    12.69826167
      7.9004769      3.83038841     1.54302949     0.5520174
      0.18432939     0.05927159     0.01868167     0.00582727]
 [    0.08660017     0.14324385     0.23676636     0.39079724
      0.64326018     1.05315203     1.70638101     2.71005531
      4.14467466     5.91651556     7.50047394     7.9004769
      6.48482679     4.0346644      1.95612644     0.78800384
      0.28190766     0.09413447     0.03026918     0.00954047]
 [    0.02672733     0.04422551     0.07315265     0.12091331
      0.19957475     0.32850409     0.53783019     0.87142521
      1.3839878      2.11662808     3.02148275     3.83038841
      4.0346644      3.31171144     2.06044736     0.99896674
      0.40242267     0.14396635     0.04807317     0.01545805]
 [    0.00824728     0.01364928     0.02258536     0.03735805
      0.06174875     0.10192007     0.1677625      0.27466245
      0.44502481     0.70678345     1.08093272     1.54302949
      1.95612644     2.06044736     1.69124528     1.052242
      0.51015851     0.2055117      0.07352162     0.02455031]
 [    0.00254463     0.00421177     0.0069705      0.01153403
      0.01907824     0.03153424     0.05204917     0.08567399
      0.14026632     0.22726802     0.36094454     0.5520174
      0.78800384     0.99896674     1.052242       0.8636956
      0.53736545     0.2605309      0.10495199     0.03754648]
 [    0.00078508     0.00129951     0.00215089     0.00355974
      0.00589027     0.00974299     0.0161041      0.02658079
      0.04375252     0.07163207     0.11606264     0.18432939
      0.28190766     0.40242267     0.51015851     0.53736545
      0.44107741     0.27442511     0.13304953     0.05359753]
 [    0.00024221     0.00040093     0.00066364     0.00109843
      0.00181791     0.00300808     0.00497561     0.00822414
      0.01357444     0.02234381     0.03658151     0.05927159
      0.09413447     0.14396635     0.2055117      0.2605309
      0.27442511     0.22525214     0.14014511     0.06794656]
 [    0.00007473     0.00012369     0.00020475     0.00033891
      0.00056095     0.00092838     0.00153618     0.00254098
      0.00419996     0.00693228     0.01141067     0.01868167
      0.03026918     0.04807317     0.07352162     0.10495199
      0.13304953     0.14014511     0.11503315     0.07157017]
 [    0.00002305     0.00003816     0.00006317     0.00010456
      0.00017308     0.00028647     0.00047411     0.00078451
      0.00129764     0.00214486     0.00354022     0.00582727
      0.00954047     0.01545805     0.02455031     0.03754648
      0.05359753     0.06794656     0.07157017     0.05874584]]

 Matrix, V = 
 [[-187.04623418 -149.59610585 -108.28387691  -72.78201365  -46.65123977
   -29.08892167  -17.86636131  -10.8860791    -6.60539928   -3.99939545
    -2.41886204   -1.46211941   -0.88354628   -0.53384077   -0.32252357
    -0.19484734   -0.11771152   -0.07111138   -0.04295928   -0.02595218]
 [-149.59610585 -133.6675608  -106.90483378  -77.38216043  -52.01170865
   -33.33805386  -20.78761555  -12.76771461   -7.77944366   -4.72037095
    -2.8580604    -1.7285747    -1.04486432   -0.63140259   -0.38149495
    -0.2304828    -0.13924241   -0.08411937   -0.05081783   -0.03069969]
 [-108.28387691 -106.90483378  -95.52192745  -76.39666434  -55.29907982
   -37.16876877  -23.82414359  -14.85531038   -9.12410387   -5.55937019
    -3.37328615   -2.042436     -1.23527942   -0.74668418   -0.45121488
    -0.2726251    -0.16470833   -0.09950584   -0.06011365   -0.0363156 ]
 [ -72.78201365  -77.38216043  -76.39666434  -68.26217647  -54.59482155
   -39.51800017  -26.56166098  -17.02528348  -10.61594804   -6.52029544
    -3.97285439   -2.41062822   -1.45957196   -0.88275922   -0.53359777
    -0.32244858   -0.1948242    -0.11770438   -0.07110918   -0.0429586 ]
 [ -46.65123977  -52.01170865  -55.29907982  -54.59482155  -48.78172856
   -39.01472094  -28.24047602  -18.98157666  -12.16666096   -7.58640176
    -4.65955378   -2.83909354   -1.72269063   -1.04304385   -0.63084013
    -0.3813213    -0.2304292    -0.13922587   -0.08411427   -0.05081626]
 [ -29.08892167  -33.33805386  -37.16876877  -39.51800017  -39.01472094
   -34.86055037  -27.88082105  -20.18129668  -13.56467327   -8.69457704
    -5.42141799   -3.32982479   -2.02888185   -1.23107453   -0.74538323
    -0.45081294   -0.27250101   -0.16467003   -0.09949403   -0.06011   ]
 [ -17.86636131  -20.78761555  -23.82414359  -26.56166098  -28.24047602
   -27.88082105  -24.91215477  -19.92427893  -14.42202091   -9.69362894
    -6.21334565   -3.87427056   -2.37956974   -1.44988585   -0.8797543
    -0.53266808   -0.32216134   -0.19473552   -0.11767701   -0.07110073]
 [ -10.8860791   -12.76771461  -14.85531038  -17.02528348  -18.98157666
   -20.18129668  -19.92427893  -17.80280142  -14.23835009  -10.30630938
    -6.92729122   -4.44020037   -2.76864326   -1.70049552   -1.03612193
    -0.62869275   -0.38065692   -0.23022394   -0.1391625    -0.08409471]
 [  -6.60539928   -7.77944366   -9.12410387  -10.61594804  -12.16666096
   -13.56467327  -14.42202091  -14.23835009  -12.72229324  -10.17505396
    -7.36512682   -4.95040237   -3.17306978   -1.97853645   -1.21521339
    -0.74043667   -0.44927837   -0.27202623   -0.16452335   -0.09944874]
 [  -3.99939545   -4.72037095   -5.55937019   -6.52029544   -7.58640176
    -8.69457704   -9.69362894  -10.30630938  -10.17505396   -9.09164471
    -7.27132866   -5.2632898    -3.53767191   -2.26754898   -1.41390786
    -0.86841956   -0.52913315   -0.3210647    -0.19439623   -0.11757218]
 [  -2.41886204   -2.8580604    -3.37328615   -3.97285439   -4.65955378
    -5.42141799   -6.21334565   -6.92729122   -7.36512682   -7.27132866
    -6.49709938   -5.19625947   -3.7612685    -2.52810209   -1.62044289
    -1.01041123   -0.62059269   -0.37813078   -0.22944025   -0.13892004]
 [  -1.46211941   -1.7285747    -2.042436     -2.41062822   -2.83909354
    -3.32982479   -3.87427056   -4.44020037   -4.95040237   -5.2632898
    -5.19625947   -4.64297734   -3.71336708   -2.68788938   -1.80664017
    -1.15800593   -0.72206321   -0.44348987   -0.27022099   -0.16396331]
 [  -0.88354628   -1.04486432   -1.23527942   -1.45957196   -1.72269063
    -2.02888185   -2.37956974   -2.76864326   -3.17306978   -3.53767191
    -3.7612685    -3.71336708   -3.31797888   -2.65365792   -1.92082786
    -1.29106681   -0.8275378    -0.51600305   -0.31692811   -0.19310616]
 [  -0.53384077   -0.63140259   -0.74668418   -0.88275922   -1.04304385
    -1.23107453   -1.44988585   -1.70049552   -1.97853645   -2.26754898
    -2.52810209   -2.68788938   -2.65365792   -2.37110438   -1.89636526
    -1.37266797   -0.92262617   -0.59137763   -0.3687477    -0.22648415]
 [  -0.32252357   -0.38149495   -0.45121488   -0.53359777   -0.63084013
    -0.74538323   -0.8797543    -1.03612193   -1.21521339   -1.41390786
    -1.62044289   -1.80664017   -1.92082786   -1.89636526   -1.69444597
    -1.35518643   -0.98094025   -0.65932998   -0.42261212   -0.26351563]
 [  -0.19484734   -0.2304828    -0.2726251    -0.32244858   -0.3813213
    -0.45081294   -0.53266808   -0.62869275   -0.74043667   -0.86841956
    -1.01041123   -1.15800593   -1.29106681   -1.37266797   -1.35518643
    -1.21089024   -0.96844754   -0.70100257   -0.47117244   -0.30200839]
 [  -0.11771152   -0.13924241   -0.16470833   -0.1948242    -0.2304292
    -0.27250101   -0.32216134   -0.38065692   -0.44927837   -0.52913315
    -0.62059269   -0.72206321   -0.8275378    -0.92262617   -0.98094025
    -0.96844754   -0.86533015   -0.69207499   -0.50095263   -0.33671071]
 [  -0.07111138   -0.08411937   -0.09950584   -0.11770438   -0.13922587
    -0.16467003   -0.19473552   -0.23022394   -0.27202623   -0.3210647
    -0.37813078   -0.44348987   -0.51600305   -0.59137763   -0.65932998
    -0.70100257   -0.69207499   -0.61838492   -0.49457278   -0.35799232]
 [  -0.04295928   -0.05081783   -0.06011365   -0.07110918   -0.08411427
    -0.09949403   -0.11767701   -0.1391625    -0.16452335   -0.19439623
    -0.22944025   -0.27022099   -0.31692811   -0.3687477    -0.42261212
    -0.47117244   -0.50095263   -0.49457278   -0.44191215   -0.35343313]
 [  -0.02595218   -0.03069969   -0.0363156    -0.0429586    -0.05081626
    -0.06011      -0.07110073   -0.08409471   -0.09944874   -0.11757218
    -0.13892004   -0.16396331   -0.19310616   -0.22648415   -0.26351563
    -0.30200839   -0.33671071   -0.35799232   -0.35343313   -0.31580063]]

 Matrix, H = 
 [[20421.58189083 12672.47314299  6108.24026505  2431.47579848
    849.24472526   270.06823583    78.32838644    19.43331581
      2.85196764    -1.06519919    -1.5110169     -1.18162651
     -0.79694611    -0.50711344    -0.31427629    -0.19230271
     -0.11692644    -0.07086917    -0.04288455    -0.02592912]
 [12672.47314299 10390.87408077  6441.14877377  3097.31082743
   1226.8781556    424.18363722   131.98781144    36.35761398
      7.70425241     0.10937567    -1.35960691    -1.26495073
     -0.90162047    -0.58717707    -0.36784567    -0.22627103
     -0.13794291    -0.08371844    -0.05069414    -0.03066153]
 [ 6108.24026505  6441.14877377  5279.21607517  3267.60384097
   1565.97276551   615.94261495   209.82586263    63.16498934
     15.9635227      2.34793946    -0.90680128    -1.27719651
     -0.99851307    -0.67353153    -0.42862952    -0.26565461
     -0.16255744    -0.0988422     -0.0599089     -0.03625243]
 [ 2431.47579848  3097.31082743  3267.60384097  2676.54226068
   1653.14003369   788.44313072   306.97329888   102.29654644
     29.22794105     6.29160882     0.0652994     -1.15102848
     -1.06877472    -0.76184591    -0.49623972    -0.31091455
     -0.19126446    -0.11660595    -0.07077026    -0.04285404]
 [  849.24472526  1226.8781556   1565.97276551  1653.14003369
   1352.95197354   833.10187449   394.58783389   151.35011901
     48.76934895    12.76132189     1.88330871    -0.7768642
     -1.07943044    -0.8434691     -0.56909138    -0.36224306
     -0.22453893    -0.13740797    -0.08355332    -0.05064318]
 [  270.06823583   424.18363722   615.94261495   788.44313072
    833.10187449   680.98548405   417.49707452   195.75127913
     73.4213703     22.42460129     4.96988334     0.01152468
     -0.97572981    -0.90257044    -0.64346317    -0.4192787
     -0.26275801    -0.16166195    -0.09856565    -0.05982353]
 [   78.32838644   131.98781144   209.82586263   306.97329888
    394.58783389   417.49707452   340.66052442   207.52405871
     95.85176209    34.72894166     9.67878876     1.43242346
     -0.67318873    -0.91205565    -0.7119918     -0.48061891
     -0.30605724    -0.1897599     -0.11614083    -0.07062662]
 [   19.43331581    36.35761398    63.16498934   102.29654644
    151.35011901   195.75127913   207.52405871   168.89011486
    101.91637337    46.00898799    15.75870181     3.6756931
     -0.05858795    -0.82907031    -0.76145948    -0.54301876
     -0.35407613    -0.2219998     -0.13662152    -0.0833102 ]
 [    2.85196764     7.70425241    15.9635227     29.22794105
     48.76934895    73.4213703     95.85176209   101.91637337
     82.61919964    49.14355844    21.39431746     6.63502083
      0.97160488    -0.59454864    -0.77018857    -0.60017035
     -0.40552584    -0.25845179    -0.16032339    -0.0981511 ]
 [   -1.06519919     0.10937567     2.34793946     6.29160882
     12.76132189    22.42460129    34.72894166    46.00898799
     49.14355844    39.5979384     23.02186711     9.42376103
      2.37884364    -0.1509209     -0.70712441    -0.64115154
     -0.45750108    -0.29872089    -0.18746395    -0.11542732]
 [   -1.5110169     -1.35960691    -0.90680128     0.0652994
      1.88330871     4.96988334     9.67878876    15.75870181
     21.39431746    23.02186711    18.36799799    10.27405706
      3.73920543     0.49338066    -0.53951018    -0.64946668
     -0.50453005    -0.34154927    -0.21802958    -0.13537982]
 [   -1.18162651    -1.26495073    -1.27719651    -1.15102848
     -0.7768642      0.01152468     1.43242346     3.6756931
      6.63502083     9.42376103    10.27405706     8.05528434
      4.18710982     1.14249903    -0.26361068    -0.60598853
     -0.53773382    -0.38421829    -0.25153932    -0.15813603]
 [   -0.79694611    -0.90162047    -0.99851307    -1.06877472
     -1.07943044    -0.97572981    -0.67318873    -0.05858795
      0.97160488     2.37884364     3.73920543     4.18710982
      3.16684791     1.38100648     0.03529858    -0.50306297
     -0.54563014    -0.42186858    -0.28665893    -0.18356569]
 [   -0.50711344    -0.58717707    -0.67353153    -0.76184591
     -0.8434691     -0.90257044    -0.91205565    -0.82907031
     -0.59454864    -0.1509209      0.49338066     1.14249903
      1.38100648     0.94060707     0.1640821     -0.37370122
     -0.5202035     -0.44741128    -0.32067453    -0.2110261 ]
 [   -0.31427629    -0.36784567    -0.42862952    -0.49623972
     -0.56909138    -0.64346317    -0.7119918     -0.76145948
     -0.77018857    -0.70712441    -0.53951018    -0.26361068
      0.03529858     0.1640821     -0.0032007     -0.30294443
     -0.47078173    -0.45381828    -0.34909049    -0.23896532]
 [   -0.19230271    -0.22627103    -0.26565461    -0.31091455
     -0.36224306    -0.4192787     -0.48061891    -0.54301876
     -0.60017035    -0.64115154    -0.64946668    -0.60598853
     -0.50306297    -0.37370122    -0.30294443    -0.34719465
     -0.43108209    -0.44047166    -0.36622045    -0.26446191]
 [   -0.11692644    -0.13794291    -0.16255744    -0.19126446
     -0.22453893    -0.26275801    -0.30605724    -0.35407613
     -0.40552584    -0.45750108    -0.50453005    -0.53773382
     -0.54563014    -0.5202035     -0.47078173    -0.43108209
     -0.42425274    -0.41764988    -0.3679031     -0.28311318]
 [   -0.07086917    -0.08371844    -0.0988422     -0.11660595
